53
54
57
59
59
51
44
44
48
53
54
57
60
58
51
43
44
48
53
54
58
58
51
43
44
48
53
54
57
59
58
50
43
44
48
53
54
57
59
58
51
43
44
48
53
54
57
59
58
51
43
44
48
53
54
56
60
58
50
43
44
48
53
54
57
60
58
51
43
44
48
53
54
57
59
58
51
43
44
48
53
54
57
59
59
51
44
44
48
53
54
57
60
58
51
44
44
48
53
54
58
58
51
43
44
47
53
54
57
60
58
50
43
44
48
53
54
56
59
58
50
43
44
48
53
54
57
59
58
50
43
44
48
53
54
57
60
58
51
43
44
48
53
54
57
59
59
51
43
44
48
53
54
57
59
58
51
43
45
48
53
54
57
60
59
51
44
44
48
53
54
58
59
51
44
45
47
53
54
57
59
58
51
43
44
48
53
54
57
59
58
51
43
44
48
53
54
57
60
58
51
43
44
48
53
54
57
60
58
50
43
44
48
53
54
57
59
58
51
43
44
48
53
54
57
59
59
51
44
44
48
53
54
58
58
51
44
44
48
53
54
57
60
58
51
43
44
48
53
54
57
60
58
51
43
45
48
53
54
58
59
51
44
44
48
53
54
57
59
58
51
43
44
48
51
54
56
60
58

